4.923809665714285466e-01 5.266666819999998861e-01 5.975609929268291820e-01 5.416666845833333355e-01 5.386666808000000195e-01 7.446969818181817802e-01 3.727272840909091056e-01 7.937500099999998948e-01 5.254902108823528151e-01 5.515151675757574701e-01
5.695238239999999008e-01 7.999999996666666835e-01 5.853658692682927045e-01 5.916666779166667167e-01 2.000000080000000069e-02 5.628788029545453986e-01 5.969697104545453881e-01 5.739583496875000357e-01 5.980392311764705093e-01 6.080808245454546457e-01
5.028571562857142574e-01 2.222222333333333417e-03 6.109756280487804725e-01 5.388889062499999660e-01 1.200000044000000127e-01 4.924242588636363882e-01 4.583333463636363181e-01 8.583333396874999188e-01 5.299019741176470566e-01 5.484848648484847988e-01
6.100000154285714071e-01 1.777777800000000102e-02 4.654471751219511899e-02 3.055555708333333384e-02 5.706666816000000031e-01 7.704545536363635039e-01 7.462121295454544612e-01 8.958333662499999572e-02 6.303921685294118227e-01 6.949495078787878422e-01
0.000000000000000000e+00 7.233333383333332423e-01 1.605691080487804678e-01 2.555555616666666530e-01 1.413333355999999985e-01 4.638257674999998748e-01 3.465909131818182276e-01 2.169270868749999803e-01 5.441176582352941216e-01 2.757575793939393560e-01
6.071428717142856035e-01 6.666667000000000252e-03 7.138211497560975616e-01 6.944444600000000412e-01 4.633333452000000241e-01 2.053030336818181811e-01 1.128787908181818206e-01 5.062500137499998942e-01 6.431372676470588079e-01 7.660353648484848899e-01
6.426190628571427643e-01 1.333333366666666561e-02 5.737805026829267963e-01 0.000000000000000000e+00 7.756666659999998936e-01 1.912878809090908794e-01 7.969697027272727441e-01 0.000000000000000000e+00 7.093137352941176754e-01 1.343434366666666768e-01
0.000000000000000000e+00 7.708333369999998963e-01 5.621951273170732177e-01 2.413194487499999985e-01 5.476666747999999751e-01 1.577651527272727339e-01 3.189393972727273541e-01 6.229166665624999988e-01 2.549019620588235391e-01 4.143939451515151751e-01
6.376190665714285277e-01 0.000000000000000000e+00 1.369918722926829202e-01 7.173611279166666188e-01 7.053333395999998867e-01 6.844697120454544814e-01 6.848484949999998905e-01 1.437500038124999990e-01 7.289215794117647196e-01 7.748737469696969082e-01
5.369841394285714831e-01 5.092592693333333198e-01 8.319783202439023917e-01 5.342592758333332137e-01 1.097777804000000107e-01 4.845959715909090582e-01 5.833333499999999727e-01 0.000000000000000000e+00 5.836601473529412498e-01 5.323232442424241651e-01
6.061904814285714593e-01 8.790740719999999842e-01 5.410569209756097564e-01 6.048611179166666352e-01 3.046666703999999504e-01 5.768939475000000039e-01 6.042929386363635746e-01 8.229166693750000761e-01 6.416666735294116464e-01 6.346801381818181209e-01
5.403174714285714497e-01 5.040740879999999757e-01 4.855013665853658567e-01 5.990740908333332948e-01 5.480000099999999819e-01 6.030303186363635826e-01 5.830808231818180865e-01 1.458333375000000001e-02 6.105392273529410829e-01 4.079124687878787348e-01
4.294784597142857208e-01 1.894179900000000361e-01 4.759291543902438582e-01 4.230324083333332763e-01 4.052380979999999355e-01 2.156836222727273045e-01 2.573232322727272980e-01 4.650297637499999914e-01 4.665032691176470570e-01 4.746633027272727512e-01
4.564625888571428591e-01 2.020502653333333398e-01 4.319299278048779889e-01 5.069444458333333126e-01 4.246825419999999962e-01 8.509199177272727121e-01 7.792929336363635384e-01 2.247643856250000072e-01 7.043300708823528877e-01 8.478114521212121169e-01
4.634353757142857244e-01 2.171957680000000113e-01 3.172280302439024480e-01 2.378472220833333373e-01 9.683333356000000114e-01 2.235750359090909190e-01 4.727272772727272865e-01 2.130456353125000091e-01 4.872549055882352542e-01 2.362794612121212057e-01
4.495094922857142961e-01 3.372723530000000247e-01 5.739236358536584648e-01 3.264254408333333024e-01 1.788404366799999923e-01 4.924954459090908343e-01 6.051397477272727476e-01 1.603331287499999980e-01 6.680918064705880788e-01 5.322055172727272465e-01
3.073720025714285486e-01 7.660317463333331522e-01 4.593893273170731595e-01 4.793546391666667073e-01 4.115137892000000353e-01 4.452124629545454737e-01 4.708532709090909041e-01 7.201245337499999621e-01 5.090557332352939612e-01 5.038277551515151220e-01
