1.515151554545454415e-01 5.894736999999999894e-01 0.000000000000000000e+00 5.666666866666666413e-01 8.933333390000001151e-01 7.111111300000000357e-01 6.666666900000000062e-01 8.000000100000000947e-01 7.111111266666666486e-01 5.555555733333333857e-01 5.666666899999999174e-01 7.925926033333332565e-01 7.583333475000000323e-01 6.666666900000000062e-01
7.848484800000000705e-01 0.000000000000000000e+00 0.000000000000000000e+00 1.833333350000000139e-01 1.500000029999999929e-01 6.666666666666666297e-01 0.000000000000000000e+00 6.600000120000000248e-01 5.722222366666666060e-01 8.222222299999999429e-01 9.000000049999999918e-01 5.888889055555553975e-01 5.916666849999999700e-01 6.000000199999999673e-01
1.575757609090908951e-01 0.000000000000000000e+00 5.758333509999997712e-01 6.333333549999999867e-01 9.066666700000001189e-01 4.222222266666666446e-01 6.333333549999999867e-01 5.466666819999999039e-01 5.055555649999999845e-01 5.777777999999998970e-01 5.000000150000000199e-01 6.074074244444445103e-01 6.333333512500000095e-01 5.333333599999999786e-01
2.848484909090908679e-01 6.276315968421052327e-01 0.000000000000000000e+00 8.111111216666665458e-01 9.800000009999999540e-01 6.222222466666665897e-01 6.416666799999999338e-01 6.800000180000000949e-01 7.111111283333332311e-01 6.222222466666665897e-01 0.000000000000000000e+00 7.481481611111111540e-01 6.083333512499999873e-01 8.000000099999999836e-01
8.553030363636363598e-01 0.000000000000000000e+00 0.000000000000000000e+00 9.333333283333334895e-01 8.533333339999999989e-01 0.000000000000000000e+00 2.250000000000000056e-01 3.200000060000000035e-01 2.861111166666666650e-01 0.000000000000000000e+00 6.333333549999999867e-01 3.481481555555555052e-01 0.000000000000000000e+00 1.000000000000000000e+00
4.287878863636363502e-01 0.000000000000000000e+00 6.247916859999999017e-01 1.888888933333333353e-01 1.000000000000000000e+00 8.888889333333332976e-02 7.416666750000000530e-01 1.333333379999999957e-01 1.527777826666666672e-01 4.444444499999999909e-01 0.000000000000000000e+00 7.555555677777776591e-01 6.166666849999999922e-01 9.333333400000000113e-01
4.954545572727273028e-01 6.280701931578946962e-01 2.258333390000000218e-01 8.000000099999998726e-01 9.600000019999999079e-01 5.555555733333333857e-01 6.416666799999999338e-01 7.066666839999999894e-01 7.194444650000000330e-01 7.333333499999999949e-01 0.000000000000000000e+00 7.333333444444444238e-01 5.833333524999999575e-01 6.666666900000000062e-01
5.431818263636363220e-01 0.000000000000000000e+00 3.333333499999999693e-03 4.333333399999999558e-01 1.000000000000000000e+00 1.000000000000000194e-01 3.250000050000000362e-01 2.800000040000000245e-01 3.388888949999999678e-01 0.000000000000000000e+00 7.000000200000000561e-01 3.185185233333333588e-01 0.000000000000000000e+00 6.999999900000000164e-01
6.378788009090908817e-01 0.000000000000000000e+00 6.595833469999999865e-01 5.111111266666666930e-01 9.533333360000000312e-01 6.666666866666667302e-01 7.750000049999999918e-01 1.600000059999999724e-01 1.611111149999999992e-01 1.555555633333333132e-01 0.000000000000000000e+00 7.333333488888889029e-01 6.250000224999999743e-01 1.000000000000000000e+00
6.030303009090909327e-01 8.011695878947368010e-01 6.072222359999999153e-01 5.611111149999999936e-01 6.933333449999998788e-01 6.481481599999999732e-01 5.000000150000000199e-01 7.533333399999999624e-01 5.740740899999999813e-01 6.296296500000000407e-01 4.555555599999999705e-01 7.876543177777777238e-01 7.833333437499999663e-01 6.000000199999999673e-01
3.252525327272727806e-01 5.839181363157894822e-01 5.966666764999999373e-01 0.000000000000000000e+00 8.138888959999999173e-01 6.000000033333333649e-01 0.000000000000000000e+00 5.600000119999999360e-01 9.259259333333333744e-03 6.481481599999999732e-01 8.777777849999999216e-01 6.320987722222222160e-01 6.583333512500000317e-01 1.000000000000000056e-01
6.765151509090909787e-01 5.514620010526316563e-01 5.993055710000000369e-01 6.222222466666665897e-01 6.666666799999999560e-01 5.148148133333333432e-01 6.666666900000000062e-01 4.733333479999999871e-01 0.000000000000000000e+00 5.555555500000000091e-01 4.222222300000000317e-01 6.037037133333332806e-01 5.916666899999999396e-01 6.666666900000000062e-01
4.205726109090908715e-01 2.113617389473683994e-01 2.245833329999999961e-01 5.625000000000000000e-01 8.083333379999999568e-01 5.000000000000000000e-01 5.277777900000000244e-01 2.444444439999999830e-01 2.162037033333333025e-01 6.388888966666667057e-01 1.666666649999999916e-01 4.938271677777777979e-01 5.312500049999999696e-01 7.500000000000000000e-01
5.350059099999999734e-01 2.320384310526315830e-01 2.295833330000000283e-01 6.875000000000000000e-01 9.888888899999999094e-01 2.083333333333333426e-01 9.444444499999999909e-01 8.305555580000000271e-01 8.296296300000000068e-01 2.407407400000000086e-01 2.222222199999999981e-01 8.858024755555555796e-01 4.288194475000000061e-01 8.750000000000000000e-01
7.791322309090908949e-01 2.245196336842105178e-01 4.700000055000000398e-01 5.208333333333333703e-01 9.430555589999999322e-01 5.000000000000000000e-01 4.166666700000000167e-01 1.722222219999999804e-01 2.138888899999999982e-01 4.768518600000000163e-01 2.222222199999999981e-01 4.691358077777777469e-01 4.131944475000000061e-01 7.500000000000000000e-01
6.008440581818182968e-01 2.188695452631578553e-01 2.044444450000000302e-01 3.936507966666666358e-01 7.665538859999999621e-01 3.561403433333332758e-01 2.526315849999999918e-01 4.809523820000000116e-01 4.010860516666666098e-01 5.396825466666665960e-01 3.166666750000000086e-01 5.558201166666667525e-01 4.562500062500000064e-01 6.999999900000000164e-01
6.018444936363636089e-01 1.581915368421052126e-01 1.677046794999999813e-01 4.706349299999999514e-01 7.039849649999999626e-01 3.885964866666666850e-01 1.276315849999999918e-01 4.509523760000000436e-01 2.812030133333333071e-01 3.809523899999999741e-01 7.619047749999999786e-01 4.973545044444443453e-01 3.250000049999999807e-01 5.500000099999999836e-01
